1310    2012    2012025    2012/3/1    4    12    19    21    25    28    13
1308    2012    2012023    2012/2/28    5    9    15    23    24    33    2
1307    2012    2012022    2012/2/26    4    8    12    24    26    27    4
1306    2012    2012021    2012/2/23    1    15    16    18    22    30    3
1305    2012    2012020    2012/2/21    3    8    12    18    23    29    11
1304    2012    2012019    2012/2/19    7    14    18    20    22    30    16
1303    2012    2012018    2012/2/16    3    5    6    22    26    32    15
1302    2012    2012017    2012/2/14    6    9    14    19    25    28    10
1301    2012    2012016    2012/2/12    2    5    12    17    22    25    8
1300    2012    2012015    2012/2/9    1    3    6    10    21    23    15
1299    2012    2012014    2012/2/7    1    2    5    16    28    30    12
1298    2012    2012013    2012/2/5    6    8    24    29    30    32    13
1297    2012    2012012    2012/2/2    15    17    18    20    23    27    1
1296    2012    2012011    2012/1/31    4    14    15    16    20    26    5
1295    2012    2012010    2012/1/29    1    3    13    19    25    26    10
1294    2012    2012009    2012/1/19    4    16    24    26    27    33    11
1293    2012    2012008    2012/1/17    1    12    20    23    24    29    8
1292    2012    2012007    2012/1/15    10    17    19    27    28    32    4
1291    2012    2012006    2012/1/12    2    22    25    29    32    33    8
1290    2012    2012005    2012/1/10    7    9    18    27    31    33    6
1289    2012    2012004    2012/1/8    1    5    10    11    21    23    16
1288    2012    2012003    2012/1/5    3    6    8    24    29    31    9
1287    2012    2012002    2012/1/3    2    3    7    9    10    32    13
1286    2012    2012001    2012/1/1    1    4    5    9    15    17    6
1285    2011    2011153    2011/12/29    5    8    9    10    20    25    13
1284    2011    2011152    2011/12/27    4    10    11    12    21    26    13
1283    2011    2011151    2011/12/25    7    11    16    19    31    33    10
1282    2011    2011150    2011/12/22    8    10    12    15    22    27    13
1281    2011    2011149    2011/12/20    4    5    6    7    23    31    16
1280    2011    2011148    2011/12/18    5    14    22    23    25    26    14
1279    2011    2011147    2011/12/15    4    8    12    17    18    30    10
1278    2011    2011146    2011/12/13    11    23    26    28    32    33    10
1277    2011    2011145    2011/12/11    2    4    14    15    26    30    4
1276    2011    2011144    2011/12/8    1    2    9    10    16    24    3